3
0 beijing 	50000 50000 50000 50000 50000 50000 100000 150000 200000 250000
5
0 jakarta 	60000 60000 60000 60000 60000 60000 120000 180000 240000 300000
6 ancol 	200000 200000
0 taipei 	90000 90000 90000 90000 90000 90000 160000 240000 320000 400000
0 new_delhi 	90000 90000 90000 90000 90000 90000 180000 270000 360000 450000
0 seoul		90000 90000 90000 90000 90000 90000 200000 300000 400000 500000
7
0 hawai 	120000 120000 120000 120000 120000 120000 240000 360000 480000 600000
0 tokyo		120000 120000 120000 120000 120000 120000 240000 360000 480000 640000
0 sydney	120000 120000 120000 120000 120000 140000 280000 420000 560000 700000
1
0 singapura	150000 150000 150000 150000 150000 150000 300000 450000 600000 750000
6 senggigi	200000 200000
0 sao_paolo	150000 150000 150000 150000 150000 150000 300000 450000 600000 800000
8
0 denmark	180000 180000 180000 180000 180000 180000 360000 540000 720000 900000
6 bintan	200000 200000
0 berlin	180000 180000 180000 180000 180000 180000 360000 540000 720000 950000
1
0 geneva	200000 200000 200000 200000 200000 200000 400000 600000 800000 1000000
0 moscow	200000 200000 200000 200000 200000 200000 500000 700000 900000 1200000
0 rome		200000 200000 200000 200000 200000 200000 600000 800000 1000000 1300000
4
6 kuta		200000 200000
0 london	240000 240000 240000 240000 240000 240000 720000 960000 1200000 1440000
0 paris		240000 240000 240000 240000 240000 240000 720000 960000 1200000 1600000
1
0 new_york	280000 280000 280000 280000 280000 280000 840000 1200000 1600000 2000000
2
0 bangkok	280000 280000 280000 280000 280000 280000 840000 1200000 1600000 2200000
8
2 beijing jakarta
3 taipei new_delhi seoul
2 tokyo sydney
3 singapura senggigi sao_paolo
2 denmark berlin
3 geneva moscow rome
2 london paris
2 new_york bangkok